20 20
89 32 10 10 10 32 9 33 42 12 14 1 35 5 13 27 4 135 34 2
21 21
42 7 29 3 32 29 83 2 8 26 66 29 29 30 3 40 41 52 6 10 46
22 22
14 37 69 49 2 20 1 45 21 7 102 33 1 3 10 43 18 27 45 19 34 54
23 23
47 57 25 37 22 122 7 13 9 40 47 7 5 34 47 5 62 20 36 12 8 4 22
24 24
42 12 7 3 82 10 52 39 28 46 14 25 6 54 8 135 4 11 4 70 9 15 10 12
25 25
30 12 32 40 14 13 3 6 14 38 39 45 49 19 33 43 17 27 15 84 13 23 54 49 24
26 26
6 12 14 1 17 15 137 12 1 42 80 8 44 40 4 50 9 17 94 4 28 16 9 35 53 4
27 27
60 105 5 2 14 29 36 28 5 34 22 40 17 39 32 26 18 13 65 3 48 26 5 12 35 1 27
28 28
22 36 17 24 14 16 33 3 48 3 27 38 17 1 51 27 60 104 16 2 2 26 9 58 2 23 82 69
29 29
18 32 54 17 37 23 12 11 14 14 4 10 37 28 34 8 3 11 26 48 33 17 85 39 64 22 70 19 31
20 20
84 4 27 72 5 41 5 9 64 7 37 29 19 46 2 21 28 13 54 23
21 21
4 24 20 16 42 39 2 2 3 12 11 83 77 9 35 36 17 41 18 36 84
22 22
8 23 85 22 12 120 14 55 24 38 12 24 14 49 14 2 11 22 23 5 25 37
23 23
17 45 15 28 48 27 30 28 41 5 3 41 10 3 14 45 40 31 37 50 48 37 30
24 24
9 2 51 109 29 40 24 6 35 21 3 10 2 54 8 3 3 10 59 19 19 15 70 109
25 25
4 2 23 3 51 12 47 85 10 47 60 11 15 24 16 17 27 49 3 4 67 14 30 12 62
26 26
55 13 42 7 9 8 25 12 43 36 103 21 44 5 34 9 20 6 7 22 73 7 13 18 53 109
27 27
30 55 18 18 15 34 10 51 40 78 2 3 66 14 6 4 4 2 29 14 107 53 17 3 8 73 51
28 28
28 35 32 10 32 6 25 16 24 9 114 14 59 33 42 107 62 3 9 39 9 22 11 2 20 57 14 28
29 29
22 24 3 25 58 8 1 2 32 12 18 22 9 27 14 101 2 10 83 37 58 74 9 82 31 41 28 48 10
20 20
95 5 3 35 29 16 40 27 102 45 100 4 26 19 5 24 7 5 9 10
21 21
27 7 41 46 4 4 45 143 80 14 40 33 23 11 32 26 10 9 23 9 16
22 22
43 88 20 41 15 36 6 34 21 37 20 15 41 22 8 17 22 17 100 35 34 12
23 23
34 71 6 26 121 29 30 16 28 41 2 67 9 4 2 4 45 18 2 59 9 18 95
24 24
22 3 4 23 70 5 83 8 11 5 82 114 64 100 41 2 1 34 10 5 3 24 50 4
25 25
34 75 24 12 38 32 67 5 20 46 32 21 4 19 15 18 32 8 24 18 84 74 29 7 60
26 26
2 65 37 37 60 36 23 17 75 12 17 13 14 21 21 69 12 82 15 29 6 2 45 24 14 1
27 27
12 6 27 67 4 46 38 24 4 22 25 27 94 10 30 60 51 6 7 17 6 17 8 94 10 68 20
28 28
25 125 29 3 107 8 38 21 13 50 10 30 26 51 15 65 4 90 10 21 11 16 40 6 33 14 1 16
29 29
5 30 7 19 96 3 4 65 30 94 1 19 4 33 69 91 46 53 56 2 6 1 30 22 2 2 16 5 106
