Case #1:
00000000000000000000000000001001 3 2 5 2 7 2 3 2 7
00000000000000000000000000001111 3 2 5 2 7 2 3 2 11
00000000000000000000000000010101 3 7 3 3 31 3 3 7 3
00000000000000000000000000011011 3 2 5 2 7 2 3 2 7
00000000000000000000000000100001 3 2 5 2 7 2 3 2 11
00000000000000000000000000100011 5 13 3 31 43 3 73 7 3
00000000000000000000000000100111 3 2 5 2 7 2 3 2 11
00000000000000000000000000101101 3 2 5 2 7 2 3 2 7
00000000000000000000000000110001 7 5 3 11 43 3 5 7 3
00000000000000000000000000110011 3 2 5 2 7 2 3 2 11
00000000000000000000000000111001 3 2 5 2 7 2 3 2 11
00000000000000000000000000111111 3 2 3 2 7 2 3 2 3
00000000000000000000000001000001 5 2 17 2 13 2 5 2 101
00000000000000000000000001001011 3 2 5 2 7 2 3 2 11
00000000000000000000000001010101 5 2 17 2 37 2 5 2 73
00000000000000000000000001011101 3 7 11 3 5 43 3 11 7
00000000000000000000000001011111 5 2 3 2 37 2 5 2 3
00000000000000000000000001100011 3 2 5 2 7 2 3 2 11
00000000000000000000000001101001 3 2 5 2 7 2 3 2 11
00000000000000000000000001101111 3 2 3 2 7 2 3 2 3
00000000000000000000000001110111 7 2 3 2 43 2 17 2 3
00000000000000000000000001111011 3 2 3 2 7 2 3 2 3
00000000000000000000000001111101 5 2 3 2 17 2 5 2 3
00000000000000000000000010000001 3 2 5 2 7 2 3 2 11
00000000000000000000000010000101 7 13 3 31 17 3 73 7 3
00000000000000000000000010000111 3 2 5 2 7 2 3 2 11
00000000000000000000000010001101 3 2 5 2 7 2 3 2 11
00000000000000000000000010001111 11 17 43 7 5 541 809 1783 419
00000000000000000000000010010011 3 2 5 2 7 2 3 2 11
00000000000000000000000010011001 3 2 5 2 7 2 3 2 7
00000000000000000000000010011011 5 11 7 11 5 5 31 11 17
00000000000000000000000010011111 3 2 3 2 7 2 3 2 3
00000000000000000000000010100001 7 11 3 31 43 3 73 7 3
00000000000000000000000010100101 3 2 5 2 7 2 3 2 11
00000000000000000000000010101001 13 2 101 2 17 2 431 2 43
00000000000000000000000010101111 5 2 3 2 37 2 5 2 3
00000000000000000000000010110001 3 2 5 2 7 2 3 2 11
00000000000000000000000010110111 3 2 3 2 7 2 3 2 3
00000000000000000000000010111011 11 2 3 2 223 2 17 2 3
00000000000000000000000010111101 3 2 3 2 7 2 3 2 3
00000000000000000000000011000011 3 2 5 2 7 2 3 2 11
00000000000000000000000011001001 3 2 5 2 7 2 3 2 11
00000000000000000000000011001111 3 2 3 2 7 2 3 2 3
00000000000000000000000011010111 5 2 3 2 37 2 5 2 3
00000000000000000000000011011001 7 5 11 11 5 337 5 7 41
00000000000000000000000011011011 3 2 3 2 7 2 3 2 3
00000000000000000000000011011101 13 2 3 2 11 2 17 2 3
00000000000000000000000011100001 3 2 5 2 7 2 3 2 11
00000000000000000000000011100111 3 2 3 2 7 2 3 2 3
00000000000000000000000011101011 5 2 3 2 37 2 5 2 3
00000000000000000000000011101101 3 2 3 2 7 2 3 2 3
00000000000000000000000011110011 3 2 3 2 7 2 3 2 3
00000000000000000000000011110101 5 2 3 2 37 2 5 2 3
00000000000000000000000011111001 3 2 3 2 7 2 3 2 3
00000000000000000000000011111111 3 2 5 2 7 2 3 2 11
00000000000000000000000100000011 7 5 3 31 11 3 5 7 3
00000000000000000000000100001011 3 2 5 2 7 2 3 2 11
00000000000000000000000100010001 3 7 3 3 13 3 3 7 3
00000000000000000000000100010111 3 5 11 3 5 29 3 11 41
00000000000000000000000100011111 7 2 3 2 43 2 11 2 3
00000000000000000000000100100011 3 2 5 2 7 2 3 2 11
00000000000000000000000100101001 3 2 5 2 7 2 3 2 7
00000000000000000000000100101111 3 2 3 2 7 2 3 2 3
00000000000000000000000100110001 5 2 109 2 449 2 23 2 29
00000000000000000000000100110101 3 5 13 3 5 43 3 31 7
00000000000000000000000100111011 3 2 3 2 7 2 3 2 3
00000000000000000000000101000011 17 2 83 2 167 2 691 2 7
00000000000000000000000101000101 5 2 17 2 13 2 5 2 101
00000000000000000000000101001101 3 17 7 3 5 1667 3 17 7573
00000000000000000000000101001111 5 2 3 2 37 2 5 2 3
00000000000000000000000101010011 3 5 37 3 5 1627 3 163 1777
00000000000000000000000101010101 11 11 5 11 5 11 11 5 41
00000000000000000000000101010111 7 2 3 2 43 2 23 2 3
00000000000000000000000101011001 3 7 13 3 5 5 3 73 7
00000000000000000000000101101011 3 2 3 2 7 2 3 2 3
00000000000000000000000101101101 5 2 3 2 19 2 5 2 3
00000000000000000000000101110011 7 2 3 2 43 2 73 2 3
00000000000000000000000101111001 13 2 3 2 751 2 29 2 3
00000000000000000000000101111101 3 7 13 3 31 29 3 73 7
00000000000000000000000110000001 5 13 3 31 43 3 17 7 3
00000000000000000000000110000011 3 2 5 2 7 2 3 2 11
00000000000000000000000110001001 3 2 5 2 7 2 3 2 11
00000000000000000000000110001111 3 2 3 2 7 2 3 2 3
00000000000000000000000110010011 13 11 11 11 5 13 31 11 41
00000000000000000000000110011011 3 2 3 2 7 2 3 2 3
00000000000000000000000110011101 7 2 3 2 43 2 73 2 3
00000000000000000000000110100001 3 2 5 2 7 2 3 2 11
00000000000000000000000110100111 3 2 3 2 7 2 3 2 3
00000000000000000000000110101011 7 2 3 2 43 2 73 2 3
00000000000000000000000110101101 3 2 3 2 7 2 3 2 3
00000000000000000000000110110011 3 2 3 2 7 2 3 2 3
00000000000000000000000110110101 19 2 3 2 67 2 211 2 3
00000000000000000000000110111001 3 2 3 2 7 2 3 2 3
00000000000000000000000110111111 3 2 5 2 7 2 3 2 11
00000000000000000000000111000011 11 19 13 17 5 41 2083 17 199
00000000000000000000000111000111 5 2 3 2 13 2 5 2 3
00000000000000000000000111001011 3 2 3 2 7 2 3 2 3
00000000000000000000000111010001 3 11 11 3 5 5 3 11 41
00000000000000000000000111010101 7 2 3 2 43 2 73 2 3
00000000000000000000000111100011 3 2 3 2 7 2 3 2 3
00000000000000000000000111100101 5 2 3 2 29 2 5 2 3
00000000000000000000000111101001 3 2 3 2 7 2 3 2 3
00000000000000000000000111101111 3 2 5 2 7 2 3 2 11
00000000000000000000000111110001 7 2 3 2 43 2 73 2 3
00000000000000000000000111111011 3 2 5 2 7 2 3 2 11
00000000000000000000000111111111 7 13 3 19 19 3 73 7 3
00000000000000000000001000000001 3 2 5 2 7 2 3 2 7
00000000000000000000001000000111 3 2 5 2 7 2 3 2 11
00000000000000000000001000001101 3 2 5 2 7 2 3 2 11
00000000000000000000001000001111 17 11 11 11 5 2801 31 11 41
00000000000000000000001000010011 3 2 5 2 7 2 3 2 7
00000000000000000000001000011001 3 2 5 2 7 2 3 2 11
00000000000000000000001000011111 3 2 3 2 7 2 3 2 3
00000000000000000000001000100101 3 2 5 2 7 2 3 2 7
00000000000000000000001000100111 19 127 23 47 5 53 61 1087 30241
00000000000000000000001000101001 7 2 29 2 613 2 587 2 3407
00000000000000000000001000101011 3 7 13 3 5 5 3 73 7
00000000000000000000001000110001 3 2 5 2 7 2 3 2 11
00000000000000000000001000110111 3 2 3 2 7 2 3 2 3
00000000000000000000001000111101 3 2 3 2 7 2 3 2 3
00000000000000000000001001000011 3 2 5 2 7 2 3 2 11
00000000000000000000001001001001 3 2 5 2 7 2 3 2 7
00000000000000000000001001001101 19 11 11 11 5 2801 31 11 23
00000000000000000000001001001111 3 2 3 2 7 2 3 2 3
00000000000000000000001001010101 3 7 13 3 5 43 3 73 7
00000000000000000000001001011011 3 2 3 2 7 2 3 2 3
00000000000000000000001001011101 5 2 3 2 29 2 5 2 3
00000000000000000000001001100001 3 2 5 2 7 2 3 2 11
00000000000000000000001001100011 13 73 241 17 5 13 37 19 9901
00000000000000000000001001100111 3 2 3 2 7 2 3 2 3
00000000000000000000001001101101 3 2 3 2 7 2 3 2 3
00000000000000000000001001110011 3 2 3 2 7 2 3 2 3
00000000000000000000001001110101 17 2 3 2 13 2 17 2 3
00000000000000000000001001111001 3 2 3 2 7 2 3 2 3
00000000000000000000001001111011 5 19 7 101 181 5 7 11 17
00000000000000000000001001111111 3 2 5 2 7 2 3 2 7
00000000000000000000001010000101 3 2 5 2 7 2 3 2 11
00000000000000000000001010001001 11 2 7 2 1151 2 3181 2 23
00000000000000000000001010001011 3 11 11 3 5 61 3 7 41
00000000000000000000001010001111 5 2 3 2 37 2 5 2 3
00000000000000000000001010010001 3 2 5 2 7 2 3 2 7
00000000000000000000001010010111 3 2 3 2 7 2 3 2 3
00000000000000000000001010011101 3 2 3 2 7 2 3 2 3
00000000000000000000001010100111 7 2 3 2 43 2 73 2 3
00000000000000000000001010101001 3 7 13 3 5 43 3 73 7
00000000000000000000001010101101 5 2 3 2 37 2 5 2 3
00000000000000000000001010110101 3 2 3 2 7 2 3 2 3
00000000000000000000001010111001 17 2 3 2 1297 2 17 2 3
00000000000000000000001010111011 3 5 13 3 31 43 3 23 7
00000000000000000000001011000001 3 2 5 2 7 2 3 2 11
00000000000000000000001011000111 3 2 3 2 7 2 3 2 3
00000000000000000000001011001001 23 11 11 11 5 23 31 11 19
00000000000000000000001011001011 5 2 3 2 13 2 5 2 3
00000000000000000000001011001101 3 2 3 2 7 2 3 2 3
00000000000000000000001011010011 3 2 3 2 7 2 3 2 3
00000000000000000000001011010101 5 2 3 2 37 2 5 2 3
00000000000000000000001011011001 3 2 3 2 7 2 3 2 3
00000000000000000000001011011011 17 13 97 563 61 4423 7 47 61
00000000000000000000001011011111 3 2 5 2 7 2 3 2 11
00000000000000000000001011100101 3 2 3 2 7 2 3 2 3
00000000000000000000001011101001 5 2 3 2 11 2 5 2 3
00000000000000000000001011110001 3 2 3 2 7 2 3 2 3
00000000000000000000001011110111 3 2 5 2 7 2 3 2 11
00000000000000000000001011111101 3 2 5 2 7 2 3 2 7
00000000000000000000001100000011 3 2 5 2 7 2 3 2 11
00000000000000000000001100000111 5 7 11 11 5 5 31 11 7
00000000000000000000001100001001 3 2 5 2 7 2 3 2 11
00000000000000000000001100001111 3 2 3 2 7 2 3 2 3
00000000000000000000001100010111 7 2 3 2 43 2 59 2 3
00000000000000000000001100011001 13 19 241 47 5 13 37 127 241
00000000000000000000001100011011 3 2 3 2 7 2 3 2 3
00000000000000000000001100011111 17 5 331 7 3251 331 5 43 139
00000000000000000000001100100001 3 2 5 2 7 2 3 2 7
00000000000000000000001100100111 3 2 3 2 7 2 3 2 3
00000000000000000000001100101101 3 2 3 2 7 2 3 2 3
00000000000000000000001100110011 3 2 3 2 7 2 3 2 3
00000000000000000000001100111001 3 2 3 2 7 2 3 2 3
00000000000000000000001100111111 3 2 5 2 7 2 3 2 11
00000000000000000000001101000101 3 11 7 3 5 17 3 11 41
00000000000000000000001101001011 3 2 3 2 7 2 3 2 3
00000000000000000000001101001101 5 2 3 2 11 2 5 2 3
00000000000000000000001101010001 3 5 13 3 5 43 3 73 7
00000000000000000000001101100011 3 2 3 2 7 2 3 2 3
00000000000000000000001101100101 11 2 3 2 1831 2 277 2 3
00000000000000000000001101100111 13 73 241 601 13 11 7 227 9901
00000000000000000000001101101001 3 2 3 2 7 2 3 2 3
00000000000000000000001101101011 5 11 367 19 593 5 7 7 23
00000000000000000000001101101111 3 2 5 2 7 2 3 2 11
00000000000000000000001101110101 3 7 13 3 31 5 3 19 7
00000000000000000000001101111001 7 5 43 11 211 29 5 7 239
00000000000000000000001101111011 3 2 5 2 7 2 3 2 7
00000000000000000000001110000001 3 2 5 2 7 2 3 2 11
00000000000000000000001110000011 29 5 11 7 5 2801 5 11 41
00000000000000000000001110000111 3 2 3 2 7 2 3 2 3
00000000000000000000001110001101 3 2 3 2 7 2 3 2 3
00000000000000000000001110010011 3 2 3 2 7 2 3 2 3
00000000000000000000001110010101 7 2 3 2 43 2 23 2 3
00000000000000000000001110011001 3 2 3 2 7 2 3 2 3
00000000000000000000001110011011 13 17 241 29 13 13 7 239 9901
00000000000000000000001110011111 3 2 5 2 7 2 3 2 11
00000000000000000000001110100011 7 2 3 2 19 2 11 2 3
00000000000000000000001110100101 3 2 3 2 7 2 3 2 3
00000000000000000000001110110001 3 2 3 2 7 2 3 2 3
00000000000000000000001110110101 13 5 29 53 71 5807 5 23 3313
00000000000000000000001110110111 3 2 5 2 7 2 3 2 11
00000000000000000000001110111101 3 2 5 2 7 2 3 2 11
00000000000000000000001110111111 7 5 3 17 41 3 5 7 3
00000000000000000000001111000001 31 11 11 11 5 53 31 11 41
00000000000000000000001111000011 3 2 3 2 7 2 3 2 3
00000000000000000000001111000101 5 2 3 2 37 2 5 2 3
00000000000000000000001111001001 3 2 3 2 7 2 3 2 3
00000000000000000000001111001111 3 2 5 2 7 2 3 2 11
00000000000000000000001111011011 3 2 5 2 7 2 3 2 11
00000000000000000000001111100001 3 2 3 2 7 2 3 2 3
00000000000000000000001111100111 3 2 5 2 7 2 3 2 11
00000000000000000000001111101101 3 2 5 2 7 2 3 2 11
00000000000000000000001111110011 3 2 5 2 7 2 3 2 11
00000000000000000000001111110111 5 13 3 31 43 3 73 7 3
00000000000000000000001111111001 3 2 5 2 7 2 3 2 7
00000000000000000000001111111111 3 2 5 2 5 2 3 2 11
00000000000000000000010000000001 5 2 17 2 37 2 5 2 101
00000000000000000000010000000101 3 7 3 3 31 3 3 7 3
00000000000000000000010000001011 3 2 5 2 7 2 3 2 7
00000000000000000000010000010101 5 2 17 2 37 2 5 2 31
00000000000000000000010000010111 3 7 13 3 5 43 3 23 7
00000000000000000000010000011111 5 2 3 2 37 2 5 2 3
00000000000000000000010000100001 7 13 3 31 43 3 73 7 3
00000000000000000000010000100011 3 2 5 2 7 2 3 2 11
00000000000000000000010000101001 3 2 5 2 7 2 3 2 11
00000000000000000000010000101111 3 2 3 2 7 2 3 2 3
00000000000000000000010000111011 3 2 3 2 7 2 3 2 3
00000000000000000000010000111101 5 2 3 2 37 2 5 2 3
00000000000000000000010001001101 3 5 13 3 5 43 3 73 7
00000000000000000000010001010001 5 2 17 2 13 2 5 2 73
00000000000000000000010001010111 11 2 3 2 107 2 193 2 3
00000000000000000000010001011011 5 2 3 2 37 2 5 2 3
00000000000000000000010001011111 3 7 13 3 29 43 3 37 7
00000000000000000000010001100111 7 2 3 2 29 2 47 2 3
00000000000000000000010001101011 3 2 3 2 7 2 3 2 3
00000000000000000000010001110011 17 2 3 2 1297 2 17 2 3
00000000000000000000010001110101 7 2 3 2 43 2 29 2 3
00000000000000000000010001110111 3 5 43 3 23 29 3 19 239
00000000000000000000010001111001 5 2 3 2 11 2 5 2 3
00000000000000000000010010000011 3 2 5 2 7 2 3 2 11
00000000000000000000010010001001 3 2 5 2 7 2 3 2 7
00000000000000000000010010001111 3 2 3 2 7 2 3 2 3
00000000000000000000010010010101 3 7 13 3 5 17 3 73 7
00000000000000000000010010010111 5 2 3 2 37 2 5 2 3
00000000000000000000010010011011 3 2 3 2 7 2 3 2 3
00000000000000000000010010100001 3 2 5 2 7 2 3 2 11
00000000000000000000010010100111 3 2 3 2 7 2 3 2 3
00000000000000000000010010101011 5 2 3 2 11 2 5 2 3
00000000000000000000010010101101 3 2 3 2 7 2 3 2 3
00000000000000000000010010110011 3 2 3 2 7 2 3 2 3
00000000000000000000010010110101 5 2 3 2 37 2 5 2 3
00000000000000000000010010111001 3 2 3 2 7 2 3 2 3
00000000000000000000010010111011 7 17 89 59 19 211 7 7 283
00000000000000000000010010111111 3 2 5 2 7 2 3 2 7
00000000000000000000010011001001 5 47 397 37 5 5 1811 7 7331
00000000000000000000010011001011 3 2 3 2 7 2 3 2 3
00000000000000000000010011010011 5 2 3 2 13 2 5 2 3
00000000000000000000010011010111 3 229 739 3 11 79 3 7 19
00000000000000000000010011011001 17 2 3 2 19 2 17 2 3
00000000000000000000010011011011 11 23 53 41 733 139 7 13 6343
00000000000000000000010011011101 3 7 13 3 31 5 3 73 7
00000000000000000000010011011111 29 2 7 2 967 2 701 2 6869
00000000000000000000010011100011 3 2 3 2 7 2 3 2 3
00000000000000000000010011100101 7 2 3 2 41 2 43 2 3
00000000000000000000010011100111 5 43 587 7 2543 5 7 47 251
00000000000000000000010011101001 3 2 3 2 7 2 3 2 3
00000000000000000000010011101111 3 2 5 2 7 2 3 2 11
00000000000000000000010011110001 5 2 3 2 37 2 5 2 3
00000000000000000000010011111011 3 2 5 2 7 2 3 2 11
00000000000000000000010100000001 3 7 3 3 23 3 3 7 3
00000000000000000000010100000101 5 2 17 2 17 2 5 2 17
00000000000000000000010100001111 5 2 3 2 11 2 5 2 3
00000000000000000000010100010011 3 5 13 3 5 43 3 73 7
00000000000000000000010100011101 7 2 3 2 43 2 73 2 3
00000000000000000000010100100001 13 2 29 2 673 2 12473 2 1289
00000000000000000000010100100101 3 7 13 3 5 23 3 43 7
00000000000000000000010100101011 3 2 3 2 7 2 3 2 3
00000000000000000000010100101101 5 2 3 2 37 2 5 2 3
00000000000000000000010100110011 11 2 3 2 19 2 31 2 3
00000000000000000000010100110101 31 2 3 2 23 2 601 2 3
00000000000000000000010100110111 3 7 13 3 17 5 3 73 7
00000000000000000000010100111001 7 2 3 2 43 2 41 2 3
00000000000000000000010100111111 17 2 11 2 107 2 11 2 17
00000000000000000000010101000001 5 2 17 2 11 2 5 2 19
00000000000000000000010101000111 7 2 3 2 19 2 73 2 3
00000000000000000000010101001001 3 7 13 3 5 41 3 17 7
00000000000000000000010101001011 5 2 3 2 37 2 5 2 3
00000000000000000000010101001101 23 2 3 2 241 2 17 2 3
00000000000000000000010101010011 29 2 3 2 53 2 11 2 3
00000000000000000000010101010101 3 2 3 2 13 2 3 2 3
00000000000000000000010101011011 3 7 13 3 11 43 3 73 7
00000000000000000000010101011111 5 2 17 2 37 2 5 2 101
00000000000000000000010101100001 3 11 19 3 5 89 3 383 17
00000000000000000000010101100011 7 2 3 2 43 2 73 2 3
00000000000000000000010101101001 5 2 3 2 23 2 5 2 3
00000000000000000000010101101011 19 29 103 23 29 409 7 17 157
00000000000000000000010101101101 3 7 13 3 31 43 3 11 7
00000000000000000000010101101111 13 2 31 2 1109 2 17 2 97
00000000000000000000010101110001 7 2 3 2 17 2 31 2 3
00000000000000000000010101110011 3 163 47 3 67 5 3 43 19
00000000000000000000010101110101 11 61 5 521 11 11 7 5 239
00000000000000000000010101111101 5 2 11 2 37 2 5 2 101
00000000000000000000010101111111 3 7 3 3 31 3 3 7 3
00000000000000000000010110000111 5 2 3 2 37 2 5 2 3
00000000000000000000010110001011 3 2 3 2 7 2 3 2 3
00000000000000000000010110001101 7 2 3 2 43 2 73 2 3
00000000000000000000010110010001 3 7 13 3 5 5 3 73 7
00000000000000000000010110011101 3 5 11 3 11 1811 3 53 6389
00000000000000000000010110100011 3 2 3 2 7 2 3 2 3
00000000000000000000010110100101 5 2 3 2 37 2 5 2 3
00000000000000000000010110101001 3 2 3 2 7 2 3 2 3
00000000000000000000010110101111 3 2 5 2 7 2 3 2 11
00000000000000000000010110110101 3 7 13 3 31 43 3 73 7
00000000000000000000010110110111 7 2 59 2 5113 2 2287 2 701
00000000000000000000010110111011 3 2 5 2 7 2 3 2 7
00000000000000000000010111000011 5 2 3 2 37 2 5 2 3
00000000000000000000010111000101 7 2 3 2 11 2 73 2 3
00000000000000000000010111010111 5 2 17 2 13 2 5 2 101
00000000000000000000010111011001 3 5 13 3 31 43 3 73 7
00000000000000000000010111100001 5 2 3 2 37 2 5 2 3
00000000000000000000010111101011 3 2 5 2 7 2 3 2 11
00000000000000000000010111101101 37 2 607 2 29 2 19237 2 17
00000000000000000000010111101111 7 13 3 31 43 3 73 7 3
00000000000000000000010111110101 5 2 17 2 37 2 5 2 29
00000000000000000000010111111101 3 7 3 3 19 3 3 7 3
00000000000000000000010111111111 5 2 17 2 5 2 5 2 101
00000000000000000000011000000011 3 2 5 2 7 2 3 2 7
00000000000000000000011000001001 3 2 5 2 7 2 3 2 11
00000000000000000000011000001111 3 2 3 2 7 2 3 2 3
00000000000000000000011000011011 3 2 3 2 7 2 3 2 3
00000000000000000000011000011101 5 2 3 2 37 2 5 2 3
00000000000000000000011000100001 3 2 5 2 7 2 3 2 11
00000000000000000000011000100111 3 2 3 2 7 2 3 2 3
00000000000000000000011000101101 3 2 3 2 7 2 3 2 3
00000000000000000000011000110011 3 2 3 2 7 2 3 2 3
00000000000000000000011000110101 7 2 3 2 43 2 61 2 3
00000000000000000000011000111001 3 2 3 2 7 2 3 2 3
00000000000000000000011000111111 3 2 5 2 7 2 3 2 11
00000000000000000000011001000101 3 7 13 3 5 5 3 73 7
00000000000000000000011001001011 3 2 3 2 7 2 3 2 3
00000000000000000000011001001111 5 107 7 23 2083 5 7 31 9371
00000000000000000000011001010111 3 5 13 3 31 43 3 29 7
00000000000000000000011001011001 5 2 3 2 13 2 5 2 3
00000000000000000000011001011111 7 2 41 2 23 2 9463 2 601
00000000000000000000011001100011 3 2 3 2 7 2 3 2 3
00000000000000000000011001101001 3 2 3 2 7 2 3 2 3
00000000000000000000011001101101 5 23 19 281 29 5 7 7 113
00000000000000000000011001101111 3 2 5 2 7 2 3 2 7
00000000000000000000011001110001 17 2 3 2 29 2 17 2 3
00000000000000000000011001110011 13 73 43 601 13 13 7 547 239
00000000000000000000011001111011 3 2 5 2 7 2 3 2 11
00000000000000000000011010000001 3 2 5 2 7 2 3 2 7
00000000000000000000011010000111 3 2 3 2 7 2 3 2 3
00000000000000000000011010001011 5 2 3 2 37 2 5 2 3
00000000000000000000011010001101 3 2 3 2 7 2 3 2 3
00000000000000000000011010001111 23 19 197 17 1109 229 7 2917 853
00000000000000000000011010010011 3 2 3 2 7 2 3 2 3
00000000000000000000011010010101 5 2 3 2 19 2 5 2 3
00000000000000000000011010011001 3 2 3 2 7 2 3 2 3
00000000000000000000011010011111 3 2 5 2 7 2 3 2 11
00000000000000000000011010100101 3 2 3 2 7 2 3 2 3
00000000000000000000011010101001 5 2 3 2 37 2 5 2 3
00000000000000000000011010101011 3 7 13 3 31 43 3 73 7
00000000000000000000011010110001 3 2 3 2 7 2 3 2 3
00000000000000000000011010110011 5 113 307 1627 109 5 7 7 21839
00000000000000000000011010110111 3 2 5 2 7 2 3 2 7
00000000000000000000011010111101 3 2 5 2 7 2 3 2 11
00000000000000000000011011000011 3 2 3 2 7 2 3 2 3
00000000000000000000011011001001 3 2 3 2 7 2 3 2 3
00000000000000000000011011001111 3 2 5 2 7 2 3 2 11
00000000000000000000011011010001 5 2 3 2 37 2 5 2 3
00000000000000000000011011010101 3 7 11 3 31 43 3 23 7
00000000000000000000011011011011 3 2 5 2 7 2 3 2 7
00000000000000000000011011100001 3 2 3 2 7 2 3 2 3
00000000000000000000011011100111 3 2 5 2 7 2 3 2 11
00000000000000000000011011101101 3 2 5 2 7 2 3 2 7
00000000000000000000011011110011 3 2 5 2 7 2 3 2 11
00000000000000000000011011111001 3 2 5 2 7 2 3 2 11
00000000000000000000011011111111 3 2 5 2 5 2 3 2 7
00000000000000000000011100000111 7 2 3 2 17 2 73 2 3
00000000000000000000011100001011 3 2 3 2 7 2 3 2 3
00000000000000000000011100001101 5 2 3 2 37 2 5 2 3
00000000000000000000011100010101 7 2 3 2 41 2 73 2 3
00000000000000000000011100011001 23 2 3 2 3659 2 16831 2 3
00000000000000000000011100100011 3 2 3 2 7 2 3 2 3
00000000000000000000011100100101 31 2 3 2 3217 2 11 2 3
00000000000000000000011100101001 3 2 3 2 7 2 3 2 3
00000000000000000000011100101111 3 2 5 2 7 2 3 2 11
00000000000000000000011100110001 7 2 3 2 43 2 73 2 3
00000000000000000000011100111011 3 2 5 2 7 2 3 2 11
00000000000000000000011100111111 5 11 3 31 43 3 73 7 3
00000000000000000000011101000001 3 7 13 3 5 43 3 71 7
00000000000000000000011101000011 11 2 3 2 5783 2 43 2 3
00000000000000000000011101001001 5 2 3 2 37 2 5 2 3
00000000000000000000011101001101 3 41 37 3 157 23 3 7 12503
00000000000000000000011101010011 3 7 13 3 31 5 3 11 7
00000000000000000000011101011101 5 2 17 2 13 2 5 2 17
00000000000000000000011101100101 3 5 13 3 19 43 3 73 7
00000000000000000000011101101011 3 2 5 2 7 2 3 2 7
00000000000000000000011101101111 11 5 3 11 29 3 5 19 3
00000000000000000000011101110001 3 79 11 3 1291 5 3 547 97
00000000000000000000011101110111 3 7 3 3 13 3 3 7 3
00000000000000000000011101111101 3 11 3 3 379 3 3 151 3
00000000000000000000011101111111 19 2 443 2 5 2 17053 2 211
00000000000000000000011110000011 3 2 3 2 7 2 3 2 3
00000000000000000000011110000101 5 2 3 2 37 2 5 2 3
00000000000000000000011110000111 41 7 131 19 647 13 7 1877 7
00000000000000000000011110001001 3 2 3 2 7 2 3 2 3
00000000000000000000011110001111 3 2 5 2 7 2 3 2 11
00000000000000000000011110010111 29 2 281 2 23 2 3607 2 22189
00000000000000000000011110011011 3 2 5 2 7 2 3 2 11
00000000000000000000011110100001 3 2 3 2 7 2 3 2 3
00000000000000000000011110100111 3 2 5 2 7 2 3 2 11
00000000000000000000011110101101 3 2 5 2 7 2 3 2 11
00000000000000000000011110101111 7 13 3 31 43 3 47 7 3
00000000000000000000011110110011 3 2 5 2 7 2 3 2 7
00000000000000000000011110110111 5 137 3 29 11 3 61 11 3
00000000000000000000011110111001 3 2 5 2 7 2 3 2 11
00000000000000000000011110111101 7 13 3 31 43 3 29 7 3
00000000000000000000011110111111 3 2 5 2 5 2 3 2 11
00000000000000000000011111000001 5 2 3 2 37 2 5 2 3
00000000000000000000011111001011 3 2 5 2 7 2 3 2 11
00000000000000000000011111010001 3 7 13 3 31 43 3 73 7
00000000000000000000011111010101 5 2 17 2 11 2 5 2 101
00000000000000000000011111010111 3 227 3 3 67 3 3 17 3
00000000000000000000011111011111 5 2 11 2 5 2 5 2 41
00000000000000000000011111100011 3 2 5 2 7 2 3 2 11
00000000000000000000011111100101 43 2 71 2 23 2 389 2 3329
00000000000000000000011111100111 7 5 3 31 43 3 5 7 3
00000000000000000000011111101001 3 2 5 2 7 2 3 2 7
00000000000000000000011111101111 3 2 5 2 5 2 3 2 11
00000000000000000000011111110011 5 29 3 107 821 3 131 3461 3
00000000000000000000011111110101 3 7 3 3 29 3 3 7 3
00000000000000000000011111111011 3 2 5 2 5 2 3 2 7
00000000000000000000011111111101 5 2 17 2 5 2 5 2 23
00000000000000000000100000000001 3 2 5 2 7 2 3 2 11
00000000000000000000100000000011 7 13 3 11 43 3 73 7 3
00000000000000000000100000000111 3 2 5 2 7 2 3 2 11
00000000000000000000100000001011 29 2 541 2 13 2 26987 2 587
00000000000000000000100000001101 3 2 5 2 7 2 3 2 7
00000000000000000000100000010001 5 13 3 31 43 3 73 7 3
00000000000000000000100000010011 3 2 5 2 7 2 3 2 11
00000000000000000000100000011001 3 2 5 2 7 2 3 2 11
00000000000000000000100000011101 31 5 11 11 5 2801 5 11 19
00000000000000000000100000011111 3 2 3 2 7 2 3 2 3
00000000000000000000100000100101 3 2 5 2 7 2 3 2 11
00000000000000000000100000101111 5 2 3 2 11 2 5 2 3
00000000000000000000100000110001 3 2 5 2 7 2 3 2 11
00000000000000000000100000110111 3 2 3 2 7 2 3 2 3
00000000000000000000100000111011 7 2 3 2 43 2 73 2 3
00000000000000000000100000111101 3 2 3 2 7 2 3 2 3
00000000000000000000100001000011 3 2 5 2 7 2 3 2 11
00000000000000000000100001000101 29 2 29 2 991 2 83 2 144037
00000000000000000000100001001001 3 2 5 2 7 2 3 2 11
00000000000000000000100001001111 3 2 3 2 7 2 3 2 3
00000000000000000000100001010111 5 2 3 2 37 2 5 2 3
00000000000000000000100001011011 3 2 3 2 7 2 3 2 3
00000000000000000000100001100001 3 2 5 2 7 2 3 2 11
00000000000000000000100001100111 3 2 3 2 7 2 3 2 3
00000000000000000000100001101011 5 2 3 2 37 2 5 2 3
00000000000000000000100001101101 3 2 3 2 7 2 3 2 3
00000000000000000000100001101111 17 163 43 41 6481 29 7 547 239
00000000000000000000100001110011 3 2 3 2 7 2 3 2 3
00000000000000000000100001110101 5 2 3 2 37 2 5 2 3
00000000000000000000100001110111 11 7 11 2207 61 13 7 32363 7
00000000000000000000100001111001 3 2 3 2 7 2 3 2 3
00000000000000000000100001111111 3 2 5 2 7 2 3 2 11
00000000000000000000100010000001 7 5 3 31 43 3 5 7 3
00000000000000000000100010000101 3 2 5 2 7 2 3 2 11
00000000000000000000100010001111 7 2 3 2 19 2 23 2 3
00000000000000000000100010010001 3 2 5 2 7 2 3 2 11
00000000000000000000100010010101 13 5 673 23 5 11 5 383 206813
00000000000000000000100010010111 3 2 3 2 7 2 3 2 3
00000000000000000000100010011001 31 11 11 11 5 17 31 11 29
00000000000000000000100010011101 3 2 3 2 7 2 3 2 3
00000000000000000000100010100001 47 2 11 2 1367 2 907 2 7
00000000000000000000100010100111 5 2 3 2 37 2 5 2 3
00000000000000000000100010101001 3 5 919 3 5 233 3 653 237043
00000000000000000000100010101011 7 2 3 2 43 2 73 2 3
00000000000000000000100010110011 17 2 3 2 271 2 11 2 3
00000000000000000000100010110101 3 2 3 2 7 2 3 2 3
00000000000000000000100010111001 7 2 3 2 43 2 73 2 3
00000000000000000000100011000001 3 2 5 2 7 2 3 2 11
00000000000000000000100011000111 3 2 3 2 7 2 3 2 3
00000000000000000000100011001001 13 73 241 601 5 13 37 457 9901
00000000000000000000100011001101 3 2 3 2 7 2 3 2 3
00000000000000000000100011010011 3 2 3 2 7 2 3 2 3
00000000000000000000100011010101 7 2 3 2 17 2 17 2 3
00000000000000000000100011011001 3 2 3 2 7 2 3 2 3
00000000000000000000100011011111 3 2 5 2 7 2 3 2 11
00000000000000000000100011100011 5 2 3 2 13 2 5 2 3
00000000000000000000100011100101 3 2 3 2 7 2 3 2 3
00000000000000000000100011110001 3 2 3 2 7 2 3 2 3
00000000000000000000100011110111 3 2 5 2 7 2 3 2 11
00000000000000000000100011111101 3 2 5 2 7 2 3 2 11
00000000000000000000100011111111 7 13 3 31 11 3 41 7 3